# This file was generated by Animated Java via MC-Build. It is not recommended to edit this file directly.
$data merge entity $(bone_head) {transformation:[-1.0f,0.0f,0.0f,0.0f,0.0f,0.9777f,-0.21f,1.4375f,0.0f,-0.21f,-0.9777f,0.0f,0.0f,0.0f,0.0f,1.0f],start_interpolation:0,interpolation_duration:1}
$data merge entity $(bone_right_arm) {transformation:[-1.0f,0.0f,0.0f,-0.25f,0.0f,0.9994f,-0.0349f,-1022.5625f,0.0f,-0.0349f,-0.9994f,0.0f,0.0f,0.0f,0.0f,1.0f],start_interpolation:0,interpolation_duration:1}
$data merge entity $(bone_left_arm) {transformation:[-1.0f,0.0f,0.0f,0.25f,0.0f,0.6157f,0.788f,-2046.5625f,0.0f,0.788f,-0.6157f,0.0f,0.0f,0.0f,0.0f,1.0f],start_interpolation:0,interpolation_duration:1}
$data merge entity $(bone_right_leg) {transformation:[-1.0f,0.0f,0.0f,-0.125f,0.0f,0.4848f,0.8746f,-4095.1856f,0.0f,0.8746f,-0.4848f,-0.2906f,0.0f,0.0f,0.0f,1.0f],start_interpolation:0,interpolation_duration:1}
$data merge entity $(bone_left_leg) {transformation:[-1.0f,0.0f,0.0f,0.125f,0.0f,0.9816f,-0.1908f,-5119.1856f,0.0f,-0.1908f,-0.9816f,-0.2906f,0.0f,0.0f,0.0f,1.0f],start_interpolation:0,interpolation_duration:1}
