# This file was generated by Animated Java via MC-Build. It is not recommended to edit this file directly.
$data merge entity $(bone_head) {transformation:[-1.0f,0.0f,0.0f,0.0f,0.0f,1.0f,0.0044f,1.4375f,0.0f,0.0044f,-1.0f,0.0f,0.0f,0.0f,0.0f,1.0f],start_interpolation:0,interpolation_duration:1}
$data merge entity $(bone_right_arm) {transformation:[-1.0f,0.0f,0.0f,-0.25f,0.0f,0.9367f,0.3502f,-1022.5625f,0.0f,0.3502f,-0.9367f,0.0f,0.0f,0.0f,0.0f,1.0f],start_interpolation:0,interpolation_duration:1}
$data merge entity $(bone_left_arm) {transformation:[-1.0f,0.0f,0.0f,0.25f,0.0f,0.829f,0.5592f,-2046.5625f,0.0f,0.5592f,-0.829f,0.0f,0.0f,0.0f,0.0f,1.0f],start_interpolation:0,interpolation_duration:1}
$data merge entity $(bone_right_leg) {transformation:[-1.0f,0.0f,0.0f,-0.125f,0.0f,0.6626f,-0.749f,-4095.1856f,0.0f,-0.749f,-0.6626f,-0.2906f,0.0f,0.0f,0.0f,1.0f],start_interpolation:0,interpolation_duration:1}
$data merge entity $(bone_left_leg) {transformation:[-0.9426f,-0.3049f,-0.1358f,0.125f,-0.3025f,0.6086f,0.7336f,-5119.1856f,-0.1411f,0.7326f,-0.6659f,-0.2906f,0.0f,0.0f,0.0f,1.0f],start_interpolation:0,interpolation_duration:1}
