# This file was generated by Animated Java via MC-Build. It is not recommended to edit this file directly.
$data merge entity $(bone_head) {transformation:[-1.0f,0.0f,0.0f,0.0f,0.0f,0.9999f,-0.0153f,1.4375f,0.0f,-0.0153f,-0.9999f,0.0f,0.0f,0.0f,0.0f,1.0f],start_interpolation:0,interpolation_duration:1}
$data merge entity $(bone_right_arm) {transformation:[-1.0f,0.0f,0.0f,-0.25f,0.0f,0.7986f,0.6018f,-1022.5625f,0.0f,0.6018f,-0.7986f,0.0f,0.0f,0.0f,0.0f,1.0f],start_interpolation:0,interpolation_duration:1}
$data merge entity $(bone_left_arm) {transformation:[-1.0f,0.0f,0.0f,0.25f,0.0f,0.9613f,0.2756f,-2046.5625f,0.0f,0.2756f,-0.9613f,0.0f,0.0f,0.0f,0.0f,1.0f],start_interpolation:0,interpolation_duration:1}
$data merge entity $(bone_right_leg) {transformation:[-1.0f,0.0f,0.0f,-0.125f,0.0f,0.7193f,-0.6947f,-4095.1856f,0.0f,-0.6947f,-0.7193f,-0.2906f,0.0f,0.0f,0.0f,1.0f],start_interpolation:0,interpolation_duration:1}
$data merge entity $(bone_left_leg) {transformation:[-0.9744f,-0.182f,-0.1322f,0.125f,-0.2039f,0.466f,0.861f,-5119.1856f,-0.0951f,0.8659f,-0.4912f,-0.2906f,0.0f,0.0f,0.0f,1.0f],start_interpolation:0,interpolation_duration:1}
