# This file was generated by Animated Java via MC-Build. It is not recommended to edit this file directly.
$data merge entity $(bone_head) {transformation:[-1.0f,0.0f,0.0f,0.0f,0.0f,0.6428f,0.766f,1.4375f,0.0f,0.766f,-0.6428f,0.0f,0.0f,0.0f,0.0f,1.0f],start_interpolation:0,interpolation_duration:1}
$data merge entity $(bone_right_arm) {transformation:[0.3007f,0.9537f,0.0f,-0.25f,0.9537f,-0.3007f,0.0f,-1022.5625f,0.0f,0.0f,-1.0f,0.0f,0.0f,0.0f,0.0f,1.0f],start_interpolation:0,interpolation_duration:1}
$data merge entity $(bone_left_arm) {transformation:[0.4617f,-0.887f,0.0f,0.25f,-0.887f,-0.4617f,0.0f,-2046.5625f,0.0f,0.0f,-1.0f,0.0f,0.0f,0.0f,0.0f,1.0f],start_interpolation:0,interpolation_duration:1}
$data merge entity $(bone_right_leg) {transformation:[-0.9063f,0.4226f,0.0f,-0.125f,0.4226f,0.9063f,0.0f,-4095.25f,0.0f,0.0f,-1.0f,0.0f,0.0f,0.0f,0.0f,1.0f],start_interpolation:0,interpolation_duration:1}
$data merge entity $(bone_left_leg) {transformation:[-0.9397f,-0.342f,0.0f,0.125f,-0.342f,0.9397f,0.0f,-5119.25f,0.0f,0.0f,-1.0f,0.0f,0.0f,0.0f,0.0f,1.0f],start_interpolation:0,interpolation_duration:1}
$data merge entity $(bone_torso) {transformation:[-1.0f,0.0f,0.0f,0.0f,0.0f,1.0f,0.0f,-3070.5625f,0.0f,0.0f,-1.0f,0.0f,0.0f,0.0f,0.0f,1.0f],start_interpolation:0,interpolation_duration:1}
